# Created by Octave 9.4.0, Wed Mar 12 16:04:01 2025 GMT <unknown@DESKTOP-MQSU8MU>
# name: a
# type: matrix
# rows: 2
# columns: 2
 1 2
 1 3


# name: ans
# type: scalar
-8


# name: b
# type: matrix
# rows: 3
# columns: 3
 1 2 3
 4 5 6
 7 8 9


# name: m
# type: matrix
# rows: 3
# columns: 5
 0.10000000000000001 0.20000000000000001 0.29999999999999999 0.40000000000000002 0.5
 0.59999999999999998 0.69999999999999996 0.80000000000000004 0.90000000000000002 1
 1.1000000000000001 1.2 1.3 1.3999999999999999 1.5


# name: x
# type: matrix
# rows: 2
# columns: 4
 1 -6 3 -8
 5 -2 7 -4


# name: y
# type: bool matrix
# rows: 1
# columns: 10
 0 0 0 0 0 1 1 1 1 1


