# Created by Octave 9.4.0, Wed Mar 12 15:00:04 2025 GMT <unknown@DESKTOP-MQSU8MU>
# name: ans
# type: matrix
# rows: 1
# columns: 6
 1 2 3 7 8 9


# name: b
# type: matrix
# rows: 2
# columns: 3
 7 8 9
 0 1 2


# name: c
# type: matrix
# rows: 2
# columns: 6
 1 2 3 7 8 9
 4 5 6 0 1 2


# name: d
# type: matrix
# rows: 4
# columns: 7
 1 2 3 0 0 0 0
 4 5 6 0 0 0 0
 7 8 9 0 0 0 0
 0 1 2 0 0 2 2


# name: nome
# type: string
# elements: 1
# length: 6
delmir


# name: sobrenome
# type: sq_string
# elements: 1
# length: 7
augusto


