# Created by Octave 9.4.0, Wed Mar 12 15:28:28 2025 GMT <unknown@DESKTOP-MQSU8MU>
# name: a
# type: sq_string
# elements: 1
# length: 27
delmir augusto gorges silva


# name: ans
# type: matrix
# rows: 3
# columns: 4
 4 1 0 8
 3 4 5 6
 8 11 14 17


# name: b
# type: matrix
# rows: 1
# columns: 8
 1 2 4 1 0 8 6 5


# name: c
# type: matrix
# rows: 1
# columns: 8
 1 2 3 4 5 6 7 8


# name: d
# type: matrix
# rows: 2
# columns: 8
 1 2 4 1 0 8 6 5
 1 2 3 4 5 6 7 8


# name: e
# type: matrix
# rows: 1
# columns: 16
 1 2 4 1 0 8 6 5 1 2 3 4 5 6 7 8


# name: f
# type: scalar
5


# name: g
# type: scalar
6


# name: h
# type: matrix
# rows: 1
# columns: 8
 2 5 8 11 14 17 20 23


# name: i
# type: matrix
# rows: 4
# columns: 10
 1 2 4 1 0 8 6 5 0 0
 1 2 3 4 5 6 7 8 0 0
 2 5 8 11 14 17 20 23 0 0
 0 0 0 0 0 0 0 0 0 1.2


